100000006991	0	0	0	5
100000018880	3	0	0	0
100000317688	2	0	0	0
100000339435	0	0	10	0
100001360795	0	0	4	0
100002018956	0	0	5	0
10217146356	0	2	0	0
10963986138	2	0	0	0
11021687304	0	4	0	0
1135833	0	0	5	0
11562950299	2	0	0	0
11618506513	5	0	0	0
12109002753	12	0	0	0
12722115667	2	0	0	0
12740347459	5	0	0	0
13016771389	5	0	0	0
13186658864	2	0	0	0
131991	0	0	4	0
14114423999	3	0	0	0
14278113170	0	0	0	4
1628292377	4	0	0	0
1654797409	0	0	13	0
1667924480	0	0	6	0
17168580457	0	4	0	0
1744079425	0	0	0	6
1767088936	4	0	0	0
17810879392	2	0	0	0
2142745	12	0	0	0
21669776032	0	0	3	0
22372986284	0	0	8	0
22621408567	0	4	0	0
24377194513	0	0	6	0
24764493311	0	13	0	0
24872326497	0	0	0	7
25147955801	5	0	0	0
25470207542	2	0	0	0
25582066702	0	0	0	4
25774610633	0	3	0	0
26625119547	7	0	0	0
27324839312	0	4	0	0
27633778520	4	0	0	0
28028473436	4	0	0	0
28240121061	0	0	5	0
28479602605	1	0	0	0
28975895630	0	0	0	11
2963550	0	0	6	0
29986136164	0	3	0	0
3007224	1	0	0	0
30268861754	4	0	0	0
30472469803	0	3	0	0
30645762592	2	0	0	0
3093295	0	0	5	0
31183549361	0	3	0	0
31590931510	0	0	5	0
3167105	1	0	0	0
31908662125	9	0	0	0
31930793648	0	0	0	5
31943173308	0	2	0	0
31948037619	0	0	0	5
32059807759	0	5	0	0
34339958030	9	0	0	0
3723261	0	2	0	0
3725283	0	0	6	0
37536747345	5	0	0	0
3942115	4	0	0	0
4005186	0	3	0	0
4178855	0	0	0	5
4413297	2	0	0	0
4943329	0	0	0	6
5086749	0	0	0	4
5155108	0	0	6	0
5228028	0	0	0	5
5229809	2	0	0	0
5241436	0	0	0	5
5677440	0	3	0	0
5775703	3	0	0	0
6051444	0	0	6	0
6543466	0	4	0	0
7861901	0	3	0	0
8009960	2	0	0	0
8049254	0	4	0	0
8126182	0	2	0	0
8764427	2	0	0	0
