1	2963550,0.0
1	31908662125,2988.0
1	1767088936,1328.0
1	1744079425,0.0
1	7861901,0.0
1	8049254,0.0
1	31590931510,0.0
1	4943329,0.0
1	5241436,0.0
1	37536747345,1660.0
1	26625119547,2324.0
1	8764427,664.0
1	28240121061,0.0
1	12722115667,664.0
1	30472469803,0.0
1	22372986284,0.0
1	8009960,664.0
1	22621408567,0.0
1	17810879392,664.0
1	8126182,0.0
1	28975895630,0.0
1	30645762592,664.0
1	5228028,0.0
1	4413297,664.0
1	100002018956,0.0
1	1667924480,0.0
1	4005186,0.0
1	3942115,1328.0
1	100000339435,0.0
1	31948037619,0.0
1	29986136164,0.0
1	11562950299,664.0
1	28028473436,1328.0
1	28479602605,332.0
1	13186658864,664.0
1	25774610633,0.0
1	21669776032,0.0
1	3093295,0.0
1	31930793648,0.0
1	3725283,0.0
1	3723261,0.0
1	32059807759,0.0
1	100001360795,0.0
1	11021687304,0.0
1	5677440,0.0
1	1135833,0.0
1	6543466,0.0
1	5086749,0.0
1	17168580457,0.0
1	5229809,664.0
1	12109002753,3984.0
1	24872326497,0.0
1	34339958030,2988.0
1	100000018880,996.0
1	27324839312,0.0
1	11618506513,1660.0
1	2142745,3984.0
1	14278113170,0.0
1	3007224,332.0
1	30268861754,1328.0
1	10217146356,0.0
1	31943173308,0.0
1	27633778520,1328.0
1	5775703,996.0
1	131991,0.0
1	6051444,0.0
1	25147955801,1660.0
1	25470207542,664.0
1	13016771389,1660.0
1	14114423999,996.0
1	25582066702,0.0
1	12740347459,1660.0
1	10963986138,664.0
1	100000317688,664.0
1	1628292377,1328.0
1	24377194513,0.0
1	5155108,0.0
1	4178855,0.0
1	3167105,332.0
1	1654797409,0.0
1	100000006991,0.0
1	24764493311,0.0
1	31183549361,0.0
2	2963550,0.0
2	31908662125,0.0
2	1767088936,0.0
2	1744079425,0.0
2	7861901,996.0
2	8049254,1328.0
2	4943329,0.0
2	31590931510,0.0
2	5241436,0.0
2	37536747345,0.0
2	26625119547,0.0
2	8764427,0.0
2	30472469803,996.0
2	28240121061,0.0
2	22372986284,0.0
2	12722115667,0.0
2	8009960,0.0
2	22621408567,1328.0
2	17810879392,0.0
2	8126182,664.0
2	28975895630,0.0
2	30645762592,0.0
2	5228028,0.0
2	4413297,0.0
2	100002018956,0.0
2	1667924480,0.0
2	4005186,996.0
2	3942115,0.0
2	100000339435,0.0
2	31948037619,0.0
2	29986136164,996.0
2	11562950299,0.0
2	28479602605,0.0
2	28028473436,0.0
2	25774610633,996.0
2	13186658864,0.0
2	21669776032,0.0
2	31930793648,0.0
2	3093295,0.0
2	3725283,0.0
2	3723261,664.0
2	32059807759,1660.0
2	100001360795,0.0
2	11021687304,1328.0
2	5677440,996.0
2	6543466,1328.0
2	1135833,0.0
2	5086749,0.0
2	17168580457,1328.0
2	5229809,0.0
2	24872326497,0.0
2	12109002753,0.0
2	34339958030,0.0
2	27324839312,1328.0
2	100000018880,0.0
2	11618506513,0.0
2	2142745,0.0
2	14278113170,0.0
2	30268861754,0.0
2	3007224,0.0
2	10217146356,664.0
2	31943173308,664.0
2	27633778520,0.0
2	5775703,0.0
2	131991,0.0
2	6051444,0.0
2	25147955801,0.0
2	25470207542,0.0
2	14114423999,0.0
2	13016771389,0.0
2	25582066702,0.0
2	12740347459,0.0
2	10963986138,0.0
2	100000317688,0.0
2	1628292377,0.0
2	24377194513,0.0
2	5155108,0.0
2	4178855,0.0
2	3167105,0.0
2	1654797409,0.0
2	100000006991,0.0
2	24764493311,4316.0
2	31183549361,996.0
3	2963550,1992.0
3	31908662125,0.0
3	1767088936,0.0
3	1744079425,0.0
3	7861901,0.0
3	8049254,0.0
3	4943329,0.0
3	31590931510,1660.0
3	5241436,0.0
3	37536747345,0.0
3	26625119547,0.0
3	8764427,0.0
3	22372986284,2656.0
3	12722115667,0.0
3	30472469803,0.0
3	28240121061,1660.0
3	22621408567,0.0
3	8009960,0.0
3	17810879392,0.0
3	8126182,0.0
3	28975895630,0.0
3	30645762592,0.0
3	4413297,0.0
3	5228028,0.0
3	100002018956,1660.0
3	1667924480,1992.0
3	4005186,0.0
3	3942115,0.0
3	100000339435,3320.0
3	31948037619,0.0
3	29986136164,0.0
3	11562950299,0.0
3	13186658864,0.0
3	25774610633,0.0
3	28028473436,0.0
3	28479602605,0.0
3	21669776032,996.0
3	31930793648,0.0
3	3093295,1660.0
3	3725283,1992.0
3	3723261,0.0
3	100001360795,1328.0
3	32059807759,0.0
3	11021687304,0.0
3	5677440,0.0
3	1135833,1660.0
3	6543466,0.0
3	5086749,0.0
3	17168580457,0.0
3	5229809,0.0
3	24872326497,0.0
3	12109002753,0.0
3	34339958030,0.0
3	100000018880,0.0
3	27324839312,0.0
3	11618506513,0.0
3	2142745,0.0
3	14278113170,0.0
3	30268861754,0.0
3	3007224,0.0
3	10217146356,0.0
3	31943173308,0.0
3	27633778520,0.0
3	5775703,0.0
3	131991,1328.0
3	25147955801,0.0
3	6051444,1992.0
3	25470207542,0.0
3	14114423999,0.0
3	13016771389,0.0
3	25582066702,0.0
3	12740347459,0.0
3	10963986138,0.0
3	100000317688,0.0
3	1628292377,0.0
3	24377194513,1992.0
3	5155108,1992.0
3	4178855,0.0
3	3167105,0.0
3	1654797409,4316.0
3	100000006991,0.0
3	24764493311,0.0
3	31183549361,0.0
4	2963550,0.0
4	1767088936,0.0
4	31908662125,0.0
4	1744079425,1992.0
4	7861901,0.0
4	8049254,0.0
4	4943329,1992.0
4	31590931510,0.0
4	5241436,1660.0
4	37536747345,0.0
4	26625119547,0.0
4	8764427,0.0
4	22372986284,0.0
4	12722115667,0.0
4	30472469803,0.0
4	28240121061,0.0
4	8009960,0.0
4	22621408567,0.0
4	17810879392,0.0
4	8126182,0.0
4	28975895630,3652.0
4	30645762592,0.0
4	4413297,0.0
4	5228028,1660.0
4	100002018956,0.0
4	1667924480,0.0
4	3942115,0.0
4	4005186,0.0
4	100000339435,0.0
4	31948037619,1660.0
4	29986136164,0.0
4	11562950299,0.0
4	28028473436,0.0
4	25774610633,0.0
4	13186658864,0.0
4	28479602605,0.0
4	21669776032,0.0
4	31930793648,1660.0
4	3093295,0.0
4	3725283,0.0
4	3723261,0.0
4	100001360795,0.0
4	32059807759,0.0
4	11021687304,0.0
4	5677440,0.0
4	1135833,0.0
4	6543466,0.0
4	5086749,1328.0
4	17168580457,0.0
4	5229809,0.0
4	24872326497,2324.0
4	12109002753,0.0
4	34339958030,0.0
4	27324839312,0.0
4	100000018880,0.0
4	11618506513,0.0
4	2142745,0.0
4	14278113170,1328.0
4	30268861754,0.0
4	3007224,0.0
4	10217146356,0.0
4	31943173308,0.0
4	27633778520,0.0
4	5775703,0.0
4	131991,0.0
4	25147955801,0.0
4	6051444,0.0
4	25470207542,0.0
4	14114423999,0.0
4	13016771389,0.0
4	25582066702,1328.0
4	12740347459,0.0
4	10963986138,0.0
4	100000317688,0.0
4	1628292377,0.0
4	24377194513,0.0
4	5155108,0.0
4	4178855,1660.0
4	3167105,0.0
4	1654797409,0.0
4	100000006991,1660.0
4	24764493311,0.0
4	31183549361,0.0